[IMG20230124175942~4.jpg]
filters=autolight=1;retouch=1;
moddate=4fdd6d1a0430d901
width=2625
height=3249
textactive=0
[IMG20230124175942~4.1.jpg]
filters=finetune2=1,0.350877,0.000000,0.000000,00000000,0.000000;
moddate=fae43f250430d901
width=2625
height=3249
textactive=0
[1.jpg]
filters=autolight=1;finetune2=1,0.269006,0.030877,0.000000,00000000,0.000000;
moddate=0db9bf950430d901
width=2697
height=3249
textactive=0
